"","type","fatalities","injuries","total"
"834","TORNADO",5633,91346,96979
"130","EXCESSIVE HEAT",1903,6525,8428
"856","TSTM WIND",504,6957,7461
"170","FLOOD",470,6789,7259
"464","LIGHTNING",816,5230,6046
"275","HEAT",937,2100,3037
"153","FLASH FLOOD",978,1777,2755
"427","ICE STORM",89,1975,2064
"760","THUNDERSTORM WIND",133,1488,1621
"972","WINTER STORM",206,1321,1527
"359","HIGH WIND",248,1137,1385
"244","HAIL",15,1361,1376
"411","HURRICANE/TYPHOON",64,1275,1339
"310","HEAVY SNOW",127,1021,1148
"957","WILDFIRE",75,911,986
"786","THUNDERSTORM WINDS",64,908,972
"30","BLIZZARD",101,805,906
"188","FOG",62,734,796
"585","RIP CURRENT",368,232,600
"955","WILD/FOREST FIRE",12,545,557
"586","RIP CURRENTS",204,297,501
"278","HEAT WAVE",172,309,481
"117","DUST STORM",22,440,462
"978","WINTER WEATHER",33,398,431
"848","TROPICAL STORM",58,340,398
"19","AVALANCHE",224,170,394
"140","EXTREME COLD",160,231,391
"676","STRONG WIND",103,280,383
"89","DENSE FOG",18,342,360
"290","HEAVY RAIN",98,251,349
"376","HIGH WINDS",35,302,337
"350","HIGH SURF",101,152,253
"142","EXTREME HEAT",96,155,251
"222","GLAZE",7,216,223
"877","TSUNAMI",33,129,162
"954","WILD FIRES",3,150,153
"141","EXTREME COLD/WIND CHILL",125,24,149
"417","ICE",6,137,143
"960","WIND",23,86,109
"79","COLD/WIND CHILL",95,12,107
"402","HURRICANE",61,46,107
"919","URBAN/SML STREAM FLD",28,79,107
"873","TSTM WIND/HAIL",5,95,100
"980","WINTER WEATHER/MIX",28,72,100
"342","HEAVY SURF/HIGH SURF",42,48,90
"442","LANDSLIDE",38,52,90
"66","COLD",35,48,83
"984","WINTRY MIX",1,77,78
"277","Heat Wave",0,70,70
"979","WINTER WEATHER MIX",0,68,68
"557","RECORD HEAT",2,50,52
"670","STORM SURGE",13,38,51
"851","TROPICAL STORM GORDON",8,43,51
"339","HEAVY SURF",7,40,47
"943","WATERSPOUT/TORNADO",3,42,45
"115","DUST DEVIL",2,42,44
"646","SNOW SQUALL",2,35,37
"435","ICY ROADS",5,31,36
"488","MARINE STRONG WIND",14,22,36
"489","MARINE THUNDERSTORM WIND",10,26,36
"656","SNOW/HIGH WINDS",0,36,36
"629","SNOW",5,29,34
"177","FLOOD/FLASH FLOOD",17,15,32
"936","WATERSPOUT",3,29,32
"101","DRY MICROBURST",3,28,31
"201","FREEZING RAIN",7,23,30
"888","UNSEASONABLY WARM AND DRY",29,0,29
"501","MIXED PRECIP",2,26,28
"680","STRONG WINDS",7,21,28
"886","UNSEASONABLY WARM",11,17,28
"164","FLASH FLOODING",19,8,27
"821","THUNDERSTORMW",0,27,27
"976","WINTER STORMS",10,17,27
"29","BLACK ICE",1,24,25
"842","TORNADOES, TSTM WIND, HAIL",25,0,25
"134","EXCESSIVE RAINFALL",2,21,23
"366","HIGH WIND AND SEAS",3,20,23
"146","EXTREME WINDCHILL",17,5,22
"279","HEAT WAVE DROUGHT",4,15,19
"195","FREEZING DRIZZLE",2,15,17
"490","MARINE TSTM WIND",9,8,17
"580","RECORD/EXCESSIVE HEAT",17,0,17
"671","STORM SURGE/TIDE",11,5,16
"838","TORNADO F2",0,16,16
"973","WINTER STORM HIGH WINDS",1,15,16
"224","GLAZE/ICE STORM",0,15,15
"44","BLOWING SNOW",1,13,14
"72","COLD AND SNOW",14,0,14
"161","FLASH FLOOD/FLOOD",14,0,14
"348","HIGH SEAS",5,8,13
"596","ROUGH SEAS",8,5,13
"753","THUNDERSTORM",1,12,13
"243","GUSTY WINDS",4,8,12
"487","MARINE MISHAP",7,5,12
"331","HEAVY SNOW/ICE",0,10,10
"617","SMALL HAIL",0,10,10
"754","THUNDERSTORM  WINDS",0,10,10
"395","HIGH WINDS/SNOW",3,6,9
"185","FLOODING",6,2,8
"349","High Surf",3,4,7
"406","HURRICANE ERIN",6,1,7
"480","LOW TEMPERATURE",7,0,7
"524","NON-SEVERE WIND DAMAGE",0,7,7
"517","Mudslide",4,2,6
"544","RAIN/SNOW",4,2,6
"54","COASTAL FLOOD",3,2,5
"58","COASTAL FLOODING/EROSION",0,5,5
"77","COLD WEATHER",5,0,5
"165","FLASH FLOODING/FLOOD",5,0,5
"280","HEAT WAVES",5,0,5
"588","RIP CURRENTS/HEAVY SURF",5,0,5
"597","ROUGH SURF",4,1,5
"637","SNOW AND ICE",4,1,5
"879","TYPHOON",0,5,5
"60","COASTAL STORM",3,1,4
"95","DROUGHT",0,4,4
"210","FROST",1,3,4
"305","HEAVY RAINS",0,4,4
"373","HIGH WIND/SEAS",4,0,4
"392","HIGH WINDS/COLD",0,4,4
"415","Hypothermia/Exposure",4,0,4
"532","OTHER",0,4,4
"590","RIVER FLOOD",2,2,4
"816","THUNDERSTORM WINDSS",0,4,4
"846","Torrential Rainfall",0,4,4
"65","Cold",3,0,3
"76","COLD WAVE",3,0,3
"216","FUNNEL CLOUD",0,3,3
"307","HEAVY SEAS",3,0,3
"340","Heavy surf and wind",3,0,3
"356","HIGH WATER",3,0,3
"416","HYPOTHERMIA/EXPOSURE",3,0,3
"458","LIGHT SNOW",1,2,3
"484","Marine Accident",1,2,3
"861","TSTM WIND (G45)",0,3,3
"42","blowing snow",1,1,2
"49","BRUSH FIRE",0,2,2
"56","Coastal Flooding",2,0,2
"74","Cold Temperature",2,0,2
"96","DROUGHT/EXCESSIVE HEAT",2,0,2
"135","EXCESSIVE SNOW",0,2,2
"139","Extreme Cold",2,0,2
"150","FALLING SNOW/ICE",1,1,2
"167","FLASH FLOODS",2,0,2
"189","FOG AND COLD TEMPERATURES",1,1,2
"237","GUSTY WIND",1,1,2
"241","Gusty winds",0,2,2
"315","HEAVY SNOW AND HIGH WINDS",2,0,2
"320","Heavy snow shower",0,2,2
"403","HURRICANE-GENERATED SWELLS",0,2,2
"404","Hurricane Edouard",0,2,2
"409","HURRICANE OPAL",1,1,2
"410","HURRICANE OPAL/HIGH WINDS",2,0,2
"429","ICE STORM/FLASH FLOOD",0,2,2
"444","LANDSLIDES",1,1,2
"486","MARINE HIGH WIND",1,1,2
"592","RIVER FLOODING",2,0,2
"594","ROGUE WAVE",0,2,2
"608","SLEET",2,0,2
"628","Snow",0,2,2
"751","THUNDERSNOW",1,1,2
"839","TORNADO F3",0,2,2
"881","UNSEASONABLY COLD",2,0,2
"934","WARM WEATHER",0,2,2
"970","WINDS",1,1,2
"18","AVALANCE",1,0,1
"57","COASTAL FLOODING",1,0,1
"59","Coastal Storm",0,1,1
"64","COASTALSTORM",1,0,1
"80","COLD/WINDS",1,0,1
"97","DROWNING",1,0,1
"108","DRY MIRCOBURST WINDS",0,1,1
"114","Dust Devil",0,1,1
"138","Extended Cold",1,0,1
"171","FLOOD & HEAVY RAIN",1,0,1
"183","FLOOD/RIVER FLOOD",1,0,1
"192","FREEZE",1,0,1
"207","FREEZING RAIN/SNOW",1,0,1
"208","Freezing Spray",1,0,1
"242","Gusty Winds",0,1,1
"274","HAZARDOUS SURF",0,1,1
"323","HEAVY SNOW/BLIZZARD/AVALANCHE",0,1,1
"338","Heavy Surf",1,0,1
"345","HIGH",0,1,1
"353","HIGH SWELLS",1,0,1
"357","HIGH WAVES",1,0,1
"361","HIGH WIND 48",0,1,1
"371","HIGH WIND/HEAVY SNOW",0,1,1
"405","HURRICANE EMILY",0,1,1
"407","HURRICANE FELIX",1,0,1
"413","HYPERTHERMIA/EXPOSURE",1,0,1
"414","HYPOTHERMIA",1,0,1
"424","ICE ON ROAD",1,0,1
"426","ICE ROADS",0,1,1
"467","LIGHTNING AND THUNDERSTORM WIN",0,1,1
"471","LIGHTNING INJURY",0,1,1
"474","LIGHTNING.",1,0,1
"500","MINOR FLOODING",1,0,1
"520","Mudslides",1,0,1
"527","NON TSTM WIND",0,1,1
"545","RAIN/WIND",1,0,1
"547","RAPIDLY RISING WATER",1,0,1
"550","RECORD COLD",1,0,1
"591","River Flooding",0,1,1
"648","Snow Squalls",1,0,1
"650","SNOW/ BITTER COLD",1,0,1
"679","Strong Winds",1,0,1
"761","THUNDERSTORM WIND (G40)",1,0,1
"775","THUNDERSTORM WIND G52",1,0,1
"788","THUNDERSTORM WINDS 13",0,1,1
"812","THUNDERSTORM WINDS/HAIL",0,1,1
"820","THUNDERSTORMS WINDS",0,1,1
"827","THUNDERTORM WINDS",1,0,1
"833","TIDAL FLOODING",0,1,1
"859","TSTM WIND (G35)",1,0,1
"860","TSTM WIND (G40)",0,1,1
"902","URBAN AND SMALL STREAM FLOODIN",1,0,1
"940","WATERSPOUT TORNADO",0,1,1
"952","Whirlwind",1,0,1
"968","WIND STORM",1,0,1
"1","   HIGH SURF ADVISORY",0,0,0
"2"," COASTAL FLOOD",0,0,0
"3"," FLASH FLOOD",0,0,0
"4"," LIGHTNING",0,0,0
"5"," TSTM WIND",0,0,0
"6"," TSTM WIND (G45)",0,0,0
"7"," WATERSPOUT",0,0,0
"8"," WIND",0,0,0
"9","?",0,0,0
"10","ABNORMAL WARMTH",0,0,0
"11","ABNORMALLY DRY",0,0,0
"12","ABNORMALLY WET",0,0,0
"13","ACCUMULATED SNOWFALL",0,0,0
"14","AGRICULTURAL FREEZE",0,0,0
"15","APACHE COUNTY",0,0,0
"16","ASTRONOMICAL HIGH TIDE",0,0,0
"17","ASTRONOMICAL LOW TIDE",0,0,0
"20","BEACH EROSIN",0,0,0
"21","Beach Erosion",0,0,0
"22","BEACH EROSION",0,0,0
"23","BEACH EROSION/COASTAL FLOOD",0,0,0
"24","BEACH FLOOD",0,0,0
"25","BELOW NORMAL PRECIPITATION",0,0,0
"26","BITTER WIND CHILL",0,0,0
"27","BITTER WIND CHILL TEMPERATURES",0,0,0
"28","Black Ice",0,0,0
"31","BLIZZARD AND EXTREME WIND CHIL",0,0,0
"32","BLIZZARD AND HEAVY SNOW",0,0,0
"33","Blizzard Summary",0,0,0
"34","BLIZZARD WEATHER",0,0,0
"35","BLIZZARD/FREEZING RAIN",0,0,0
"36","BLIZZARD/HEAVY SNOW",0,0,0
"37","BLIZZARD/HIGH WIND",0,0,0
"38","BLIZZARD/WINTER STORM",0,0,0
"39","BLOW-OUT TIDE",0,0,0
"40","BLOW-OUT TIDES",0,0,0
"41","BLOWING DUST",0,0,0
"43","Blowing Snow",0,0,0
"45","BLOWING SNOW- EXTREME WIND CHI",0,0,0
"46","BLOWING SNOW & EXTREME WIND CH",0,0,0
"47","BLOWING SNOW/EXTREME WIND CHIL",0,0,0
"48","BREAKUP FLOODING",0,0,0
"50","BRUSH FIRES",0,0,0
"51","COASTAL  FLOODING/EROSION",0,0,0
"52","COASTAL EROSION",0,0,0
"53","Coastal Flood",0,0,0
"55","coastal flooding",0,0,0
"61","COASTAL SURGE",0,0,0
"62","COASTAL/TIDAL FLOOD",0,0,0
"63","COASTALFLOOD",0,0,0
"67","COLD AIR FUNNEL",0,0,0
"68","COLD AIR FUNNELS",0,0,0
"69","COLD AIR TORNADO",0,0,0
"70","Cold and Frost",0,0,0
"71","COLD AND FROST",0,0,0
"73","COLD AND WET CONDITIONS",0,0,0
"75","COLD TEMPERATURES",0,0,0
"78","COLD WIND CHILL TEMPERATURES",0,0,0
"81","COOL AND WET",0,0,0
"82","COOL SPELL",0,0,0
"83","CSTL FLOODING/EROSION",0,0,0
"84","DAM BREAK",0,0,0
"85","DAM FAILURE",0,0,0
"86","Damaging Freeze",0,0,0
"87","DAMAGING FREEZE",0,0,0
"88","DEEP HAIL",0,0,0
"90","DENSE SMOKE",0,0,0
"91","DOWNBURST",0,0,0
"92","DOWNBURST WINDS",0,0,0
"93","DRIEST MONTH",0,0,0
"94","Drifting Snow",0,0,0
"98","DRY",0,0,0
"99","DRY CONDITIONS",0,0,0
"100","DRY HOT WEATHER",0,0,0
"102","DRY MICROBURST 50",0,0,0
"103","DRY MICROBURST 53",0,0,0
"104","DRY MICROBURST 58",0,0,0
"105","DRY MICROBURST 61",0,0,0
"106","DRY MICROBURST 84",0,0,0
"107","DRY MICROBURST WINDS",0,0,0
"109","DRY PATTERN",0,0,0
"110","DRY SPELL",0,0,0
"111","DRY WEATHER",0,0,0
"112","DRYNESS",0,0,0
"113","DUST DEVEL",0,0,0
"116","DUST DEVIL WATERSPOUT",0,0,0
"118","DUST STORM/HIGH WINDS",0,0,0
"119","DUSTSTORM",0,0,0
"120","EARLY FREEZE",0,0,0
"121","Early Frost",0,0,0
"122","EARLY FROST",0,0,0
"123","EARLY RAIN",0,0,0
"124","EARLY SNOW",0,0,0
"125","Early snowfall",0,0,0
"126","EARLY SNOWFALL",0,0,0
"127","Erosion/Cstl Flood",0,0,0
"128","EXCESSIVE",0,0,0
"129","Excessive Cold",0,0,0
"131","EXCESSIVE HEAT/DROUGHT",0,0,0
"132","EXCESSIVE PRECIPITATION",0,0,0
"133","EXCESSIVE RAIN",0,0,0
"136","EXCESSIVE WETNESS",0,0,0
"137","EXCESSIVELY DRY",0,0,0
"143","EXTREME WIND CHILL",0,0,0
"144","EXTREME WIND CHILL/BLOWING SNO",0,0,0
"145","EXTREME WIND CHILLS",0,0,0
"147","EXTREME WINDCHILL TEMPERATURES",0,0,0
"148","EXTREME/RECORD COLD",0,0,0
"149","EXTREMELY WET",0,0,0
"151","FIRST FROST",0,0,0
"152","FIRST SNOW",0,0,0
"154","FLASH FLOOD - HEAVY RAIN",0,0,0
"155","FLASH FLOOD FROM ICE JAMS",0,0,0
"156","FLASH FLOOD LANDSLIDES",0,0,0
"157","FLASH FLOOD WINDS",0,0,0
"158","FLASH FLOOD/",0,0,0
"159","FLASH FLOOD/ FLOOD",0,0,0
"160","FLASH FLOOD/ STREET",0,0,0
"162","FLASH FLOOD/HEAVY RAIN",0,0,0
"163","FLASH FLOOD/LANDSLIDE",0,0,0
"166","FLASH FLOODING/THUNDERSTORM WI",0,0,0
"168","FLASH FLOOODING",0,0,0
"169","Flood",0,0,0
"172","FLOOD FLASH",0,0,0
"173","FLOOD FLOOD/FLASH",0,0,0
"174","FLOOD WATCH/",0,0,0
"175","FLOOD/FLASH",0,0,0
"176","Flood/Flash Flood",0,0,0
"178","FLOOD/FLASH FLOODING",0,0,0
"179","FLOOD/FLASH/FLOOD",0,0,0
"180","FLOOD/FLASHFLOOD",0,0,0
"181","FLOOD/RAIN/WIND",0,0,0
"182","FLOOD/RAIN/WINDS",0,0,0
"184","Flood/Strong Wind",0,0,0
"186","FLOODING/HEAVY RAIN",0,0,0
"187","FLOODS",0,0,0
"190","FOREST FIRES",0,0,0
"191","Freeze",0,0,0
"193","Freezing drizzle",0,0,0
"194","Freezing Drizzle",0,0,0
"196","FREEZING DRIZZLE AND FREEZING",0,0,0
"197","Freezing Fog",0,0,0
"198","FREEZING FOG",0,0,0
"199","Freezing rain",0,0,0
"200","Freezing Rain",0,0,0
"202","FREEZING RAIN AND SLEET",0,0,0
"203","FREEZING RAIN AND SNOW",0,0,0
"204","FREEZING RAIN SLEET AND",0,0,0
"205","FREEZING RAIN SLEET AND LIGHT",0,0,0
"206","FREEZING RAIN/SLEET",0,0,0
"209","Frost",0,0,0
"211","Frost/Freeze",0,0,0
"212","FROST/FREEZE",0,0,0
"213","FROST\FREEZE",0,0,0
"214","FUNNEL",0,0,0
"215","Funnel Cloud",0,0,0
"217","FUNNEL CLOUD.",0,0,0
"218","FUNNEL CLOUD/HAIL",0,0,0
"219","FUNNEL CLOUDS",0,0,0
"220","FUNNELS",0,0,0
"221","Glaze",0,0,0
"223","GLAZE ICE",0,0,0
"225","gradient wind",0,0,0
"226","Gradient wind",0,0,0
"227","GRADIENT WIND",0,0,0
"228","GRADIENT WINDS",0,0,0
"229","GRASS FIRES",0,0,0
"230","GROUND BLIZZARD",0,0,0
"231","GUSTNADO",0,0,0
"232","GUSTNADO AND",0,0,0
"233","GUSTY LAKE WIND",0,0,0
"234","GUSTY THUNDERSTORM WIND",0,0,0
"235","GUSTY THUNDERSTORM WINDS",0,0,0
"236","Gusty Wind",0,0,0
"238","GUSTY WIND/HAIL",0,0,0
"239","GUSTY WIND/HVY RAIN",0,0,0
"240","Gusty wind/rain",0,0,0
"245","HAIL 0.75",0,0,0
"246","HAIL 0.88",0,0,0
"247","HAIL 075",0,0,0
"248","HAIL 088",0,0,0
"249","HAIL 1.00",0,0,0
"250","HAIL 1.75",0,0,0
"251","HAIL 1.75)",0,0,0
"252","HAIL 100",0,0,0
"253","HAIL 125",0,0,0
"254","HAIL 150",0,0,0
"255","HAIL 175",0,0,0
"256","HAIL 200",0,0,0
"257","HAIL 225",0,0,0
"258","HAIL 275",0,0,0
"259","HAIL 450",0,0,0
"260","HAIL 75",0,0,0
"261","HAIL 80",0,0,0
"262","HAIL 88",0,0,0
"263","HAIL ALOFT",0,0,0
"264","HAIL DAMAGE",0,0,0
"265","HAIL FLOODING",0,0,0
"266","HAIL STORM",0,0,0
"267","Hail(0.75)",0,0,0
"268","HAIL/ICY ROADS",0,0,0
"269","HAIL/WIND",0,0,0
"270","HAIL/WINDS",0,0,0
"271","HAILSTORM",0,0,0
"272","HAILSTORMS",0,0,0
"273","HARD FREEZE",0,0,0
"276","HEAT DROUGHT",0,0,0
"281","HEAT/DROUGHT",0,0,0
"282","Heatburst",0,0,0
"283","HEAVY LAKE SNOW",0,0,0
"284","HEAVY MIX",0,0,0
"285","HEAVY PRECIPATATION",0,0,0
"286","Heavy Precipitation",0,0,0
"287","HEAVY PRECIPITATION",0,0,0
"288","Heavy rain",0,0,0
"289","Heavy Rain",0,0,0
"291","HEAVY RAIN AND FLOOD",0,0,0
"292","Heavy Rain and Wind",0,0,0
"293","HEAVY RAIN EFFECTS",0,0,0
"294","HEAVY RAIN/FLOODING",0,0,0
"295","Heavy Rain/High Surf",0,0,0
"296","HEAVY RAIN/LIGHTNING",0,0,0
"297","HEAVY RAIN/MUDSLIDES/FLOOD",0,0,0
"298","HEAVY RAIN/SEVERE WEATHER",0,0,0
"299","HEAVY RAIN/SMALL STREAM URBAN",0,0,0
"300","HEAVY RAIN/SNOW",0,0,0
"301","HEAVY RAIN/URBAN FLOOD",0,0,0
"302","HEAVY RAIN/WIND",0,0,0
"303","HEAVY RAIN; URBAN FLOOD WINDS;",0,0,0
"304","HEAVY RAINFALL",0,0,0
"306","HEAVY RAINS/FLOODING",0,0,0
"308","HEAVY SHOWER",0,0,0
"309","HEAVY SHOWERS",0,0,0
"311","HEAVY SNOW-SQUALLS",0,0,0
"312","HEAVY SNOW   FREEZING RAIN",0,0,0
"313","HEAVY SNOW & ICE",0,0,0
"314","HEAVY SNOW AND",0,0,0
"316","HEAVY SNOW AND ICE",0,0,0
"317","HEAVY SNOW AND ICE STORM",0,0,0
"318","HEAVY SNOW AND STRONG WINDS",0,0,0
"319","HEAVY SNOW ANDBLOWING SNOW",0,0,0
"321","HEAVY SNOW SQUALLS",0,0,0
"322","HEAVY SNOW/BLIZZARD",0,0,0
"324","HEAVY SNOW/BLOWING SNOW",0,0,0
"325","HEAVY SNOW/FREEZING RAIN",0,0,0
"326","HEAVY SNOW/HIGH",0,0,0
"327","HEAVY SNOW/HIGH WIND",0,0,0
"328","HEAVY SNOW/HIGH WINDS",0,0,0
"329","HEAVY SNOW/HIGH WINDS & FLOOD",0,0,0
"330","HEAVY SNOW/HIGH WINDS/FREEZING",0,0,0
"332","HEAVY SNOW/ICE STORM",0,0,0
"333","HEAVY SNOW/SLEET",0,0,0
"334","HEAVY SNOW/SQUALLS",0,0,0
"335","HEAVY SNOW/WIND",0,0,0
"336","HEAVY SNOW/WINTER STORM",0,0,0
"337","HEAVY SNOWPACK",0,0,0
"341","HEAVY SURF COASTAL FLOODING",0,0,0
"343","HEAVY SWELLS",0,0,0
"344","HEAVY WET SNOW",0,0,0
"346","HIGH  SWELLS",0,0,0
"347","HIGH  WINDS",0,0,0
"351","HIGH SURF ADVISORIES",0,0,0
"352","HIGH SURF ADVISORY",0,0,0
"354","HIGH TEMPERATURE RECORD",0,0,0
"355","HIGH TIDES",0,0,0
"358","High Wind",0,0,0
"360","HIGH WIND (G40)",0,0,0
"362","HIGH WIND 63",0,0,0
"363","HIGH WIND 70",0,0,0
"364","HIGH WIND AND HEAVY SNOW",0,0,0
"365","HIGH WIND AND HIGH TIDES",0,0,0
"367","HIGH WIND DAMAGE",0,0,0
"368","HIGH WIND/ BLIZZARD",0,0,0
"369","HIGH WIND/BLIZZARD",0,0,0
"370","HIGH WIND/BLIZZARD/FREEZING RA",0,0,0
"372","HIGH WIND/LOW WIND CHILL",0,0,0
"374","HIGH WIND/WIND CHILL",0,0,0
"375","HIGH WIND/WIND CHILL/BLIZZARD",0,0,0
"377","HIGH WINDS 55",0,0,0
"378","HIGH WINDS 57",0,0,0
"379","HIGH WINDS 58",0,0,0
"380","HIGH WINDS 63",0,0,0
"381","HIGH WINDS 66",0,0,0
"382","HIGH WINDS 67",0,0,0
"383","HIGH WINDS 73",0,0,0
"384","HIGH WINDS 76",0,0,0
"385","HIGH WINDS 80",0,0,0
"386","HIGH WINDS 82",0,0,0
"387","HIGH WINDS AND WIND CHILL",0,0,0
"388","HIGH WINDS DUST STORM",0,0,0
"389","HIGH WINDS HEAVY RAINS",0,0,0
"390","HIGH WINDS/",0,0,0
"391","HIGH WINDS/COASTAL FLOOD",0,0,0
"393","HIGH WINDS/FLOODING",0,0,0
"394","HIGH WINDS/HEAVY RAIN",0,0,0
"396","HIGHWAY FLOODING",0,0,0
"397","Hot and Dry",0,0,0
"398","HOT PATTERN",0,0,0
"399","HOT SPELL",0,0,0
"400","HOT WEATHER",0,0,0
"401","HOT/DRY PATTERN",0,0,0
"408","HURRICANE GORDON",0,0,0
"412","HVY RAIN",0,0,0
"418","ICE AND SNOW",0,0,0
"419","ICE FLOES",0,0,0
"420","Ice Fog",0,0,0
"421","ICE JAM",0,0,0
"422","Ice jam flood (minor",0,0,0
"423","ICE JAM FLOODING",0,0,0
"425","ICE PELLETS",0,0,0
"428","ICE STORM AND SNOW",0,0,0
"430","Ice/Snow",0,0,0
"431","ICE/SNOW",0,0,0
"432","ICE/STRONG WINDS",0,0,0
"433","Icestorm/Blizzard",0,0,0
"434","Icy Roads",0,0,0
"436","LACK OF SNOW",0,0,0
"437","LAKE-EFFECT SNOW",0,0,0
"438","Lake Effect Snow",0,0,0
"439","LAKE EFFECT SNOW",0,0,0
"440","LAKE FLOOD",0,0,0
"441","LAKESHORE FLOOD",0,0,0
"443","LANDSLIDE/URBAN FLOOD",0,0,0
"445","Landslump",0,0,0
"446","LANDSLUMP",0,0,0
"447","LANDSPOUT",0,0,0
"448","LARGE WALL CLOUD",0,0,0
"449","Late-season Snowfall",0,0,0
"450","LATE FREEZE",0,0,0
"451","LATE SEASON HAIL",0,0,0
"452","LATE SEASON SNOW",0,0,0
"453","Late Season Snowfall",0,0,0
"454","LATE SNOW",0,0,0
"455","LIGHT FREEZING RAIN",0,0,0
"456","Light snow",0,0,0
"457","Light Snow",0,0,0
"459","LIGHT SNOW AND SLEET",0,0,0
"460","Light Snow/Flurries",0,0,0
"461","LIGHT SNOW/FREEZING PRECIP",0,0,0
"462","Light Snowfall",0,0,0
"463","LIGHTING",0,0,0
"465","LIGHTNING  WAUSEON",0,0,0
"466","LIGHTNING AND HEAVY RAIN",0,0,0
"468","LIGHTNING AND WINDS",0,0,0
"469","LIGHTNING DAMAGE",0,0,0
"470","LIGHTNING FIRE",0,0,0
"472","LIGHTNING THUNDERSTORM WINDS",0,0,0
"473","LIGHTNING THUNDERSTORM WINDSS",0,0,0
"475","LIGHTNING/HEAVY RAIN",0,0,0
"476","LIGNTNING",0,0,0
"477","LOCAL FLASH FLOOD",0,0,0
"478","LOCAL FLOOD",0,0,0
"479","LOCALLY HEAVY RAIN",0,0,0
"481","LOW TEMPERATURE RECORD",0,0,0
"482","LOW WIND CHILL",0,0,0
"483","MAJOR FLOOD",0,0,0
"485","MARINE HAIL",0,0,0
"491","Metro Storm, May 26",0,0,0
"492","Microburst",0,0,0
"493","MICROBURST",0,0,0
"494","MICROBURST WINDS",0,0,0
"495","Mild and Dry Pattern",0,0,0
"496","MILD PATTERN",0,0,0
"497","MILD/DRY PATTERN",0,0,0
"498","MINOR FLOOD",0,0,0
"499","Minor Flooding",0,0,0
"502","Mixed Precipitation",0,0,0
"503","MIXED PRECIPITATION",0,0,0
"504","MODERATE SNOW",0,0,0
"505","MODERATE SNOWFALL",0,0,0
"506","MONTHLY PRECIPITATION",0,0,0
"507","Monthly Rainfall",0,0,0
"508","MONTHLY RAINFALL",0,0,0
"509","Monthly Snowfall",0,0,0
"510","MONTHLY SNOWFALL",0,0,0
"511","MONTHLY TEMPERATURE",0,0,0
"512","Mountain Snows",0,0,0
"513","MUD SLIDE",0,0,0
"514","MUD SLIDES",0,0,0
"515","MUD SLIDES URBAN FLOODING",0,0,0
"516","MUD/ROCK SLIDE",0,0,0
"518","MUDSLIDE",0,0,0
"519","MUDSLIDE/LANDSLIDE",0,0,0
"521","MUDSLIDES",0,0,0
"522","NEAR RECORD SNOW",0,0,0
"523","No Severe Weather",0,0,0
"525","NON-TSTM WIND",0,0,0
"526","NON SEVERE HAIL",0,0,0
"528","NONE",0,0,0
"529","NORMAL PRECIPITATION",0,0,0
"530","NORTHERN LIGHTS",0,0,0
"531","Other",0,0,0
"533","PATCHY DENSE FOG",0,0,0
"534","PATCHY ICE",0,0,0
"535","Prolong Cold",0,0,0
"536","PROLONG COLD",0,0,0
"537","PROLONG COLD/SNOW",0,0,0
"538","PROLONG WARMTH",0,0,0
"539","PROLONGED RAIN",0,0,0
"540","RAIN",0,0,0
"541","RAIN (HEAVY)",0,0,0
"542","RAIN AND WIND",0,0,0
"543","Rain Damage",0,0,0
"546","RAINSTORM",0,0,0
"548","RECORD  COLD",0,0,0
"549","Record Cold",0,0,0
"551","RECORD COLD AND HIGH WIND",0,0,0
"552","RECORD COLD/FROST",0,0,0
"553","RECORD COOL",0,0,0
"554","Record dry month",0,0,0
"555","RECORD DRYNESS",0,0,0
"556","Record Heat",0,0,0
"558","RECORD HEAT WAVE",0,0,0
"559","Record High",0,0,0
"560","RECORD HIGH",0,0,0
"561","RECORD HIGH TEMPERATURE",0,0,0
"562","RECORD HIGH TEMPERATURES",0,0,0
"563","RECORD LOW",0,0,0
"564","RECORD LOW RAINFALL",0,0,0
"565","Record May Snow",0,0,0
"566","RECORD PRECIPITATION",0,0,0
"567","RECORD RAINFALL",0,0,0
"568","RECORD SNOW",0,0,0
"569","RECORD SNOW/COLD",0,0,0
"570","RECORD SNOWFALL",0,0,0
"571","Record temperature",0,0,0
"572","RECORD TEMPERATURE",0,0,0
"573","Record Temperatures",0,0,0
"574","RECORD TEMPERATURES",0,0,0
"575","RECORD WARM",0,0,0
"576","RECORD WARM TEMPS.",0,0,0
"577","Record Warmth",0,0,0
"578","RECORD WARMTH",0,0,0
"579","Record Winter Snow",0,0,0
"581","RECORD/EXCESSIVE RAINFALL",0,0,0
"582","RED FLAG CRITERIA",0,0,0
"583","RED FLAG FIRE WX",0,0,0
"584","REMNANTS OF FLOYD",0,0,0
"587","RIP CURRENTS HEAVY SURF",0,0,0
"589","RIVER AND STREAM FLOOD",0,0,0
"593","ROCK SLIDE",0,0,0
"595","ROTATING WALL CLOUD",0,0,0
"598","RURAL FLOOD",0,0,0
"599","Saharan Dust",0,0,0
"600","SAHARAN DUST",0,0,0
"601","Seasonal Snowfall",0,0,0
"602","SEICHE",0,0,0
"603","SEVERE COLD",0,0,0
"604","SEVERE THUNDERSTORM",0,0,0
"605","SEVERE THUNDERSTORM WINDS",0,0,0
"606","SEVERE THUNDERSTORMS",0,0,0
"607","SEVERE TURBULENCE",0,0,0
"609","SLEET & FREEZING RAIN",0,0,0
"610","SLEET STORM",0,0,0
"611","SLEET/FREEZING RAIN",0,0,0
"612","SLEET/ICE STORM",0,0,0
"613","SLEET/RAIN/SNOW",0,0,0
"614","SLEET/SNOW",0,0,0
"615","small hail",0,0,0
"616","Small Hail",0,0,0
"618","SMALL STREAM",0,0,0
"619","SMALL STREAM AND",0,0,0
"620","SMALL STREAM AND URBAN FLOOD",0,0,0
"621","SMALL STREAM AND URBAN FLOODIN",0,0,0
"622","SMALL STREAM FLOOD",0,0,0
"623","SMALL STREAM FLOODING",0,0,0
"624","SMALL STREAM URBAN FLOOD",0,0,0
"625","SMALL STREAM/URBAN FLOOD",0,0,0
"626","Sml Stream Fld",0,0,0
"627","SMOKE",0,0,0
"630","SNOW- HIGH WIND- WIND CHILL",0,0,0
"631","Snow Accumulation",0,0,0
"632","SNOW ACCUMULATION",0,0,0
"633","SNOW ADVISORY",0,0,0
"634","SNOW AND COLD",0,0,0
"635","SNOW AND HEAVY SNOW",0,0,0
"636","Snow and Ice",0,0,0
"638","SNOW AND ICE STORM",0,0,0
"639","Snow and sleet",0,0,0
"640","SNOW AND SLEET",0,0,0
"641","SNOW AND WIND",0,0,0
"642","SNOW DROUGHT",0,0,0
"643","SNOW FREEZING RAIN",0,0,0
"644","SNOW SHOWERS",0,0,0
"645","SNOW SLEET",0,0,0
"647","Snow squalls",0,0,0
"649","SNOW SQUALLS",0,0,0
"651","SNOW/ ICE",0,0,0
"652","SNOW/BLOWING SNOW",0,0,0
"653","SNOW/COLD",0,0,0
"654","SNOW/FREEZING RAIN",0,0,0
"655","SNOW/HEAVY SNOW",0,0,0
"657","SNOW/ICE",0,0,0
"658","SNOW/ICE STORM",0,0,0
"659","SNOW/RAIN",0,0,0
"660","SNOW/RAIN/SLEET",0,0,0
"661","SNOW/SLEET",0,0,0
"662","SNOW/SLEET/FREEZING RAIN",0,0,0
"663","SNOW/SLEET/RAIN",0,0,0
"664","SNOW\COLD",0,0,0
"665","SNOWFALL RECORD",0,0,0
"666","SNOWMELT FLOODING",0,0,0
"667","SNOWSTORM",0,0,0
"668","SOUTHEAST",0,0,0
"669","STORM FORCE WINDS",0,0,0
"672","STREAM FLOODING",0,0,0
"673","STREET FLOOD",0,0,0
"674","STREET FLOODING",0,0,0
"675","Strong Wind",0,0,0
"677","STRONG WIND GUST",0,0,0
"678","Strong winds",0,0,0
"681","Summary August 10",0,0,0
"682","Summary August 11",0,0,0
"683","Summary August 17",0,0,0
"684","Summary August 2-3",0,0,0
"685","Summary August 21",0,0,0
"686","Summary August 28",0,0,0
"687","Summary August 4",0,0,0
"688","Summary August 7",0,0,0
"689","Summary August 9",0,0,0
"690","Summary Jan 17",0,0,0
"691","Summary July 23-24",0,0,0
"692","Summary June 18-19",0,0,0
"693","Summary June 5-6",0,0,0
"694","Summary June 6",0,0,0
"695","Summary of April 12",0,0,0
"696","Summary of April 13",0,0,0
"697","Summary of April 21",0,0,0
"698","Summary of April 27",0,0,0
"699","Summary of April 3rd",0,0,0
"700","Summary of August 1",0,0,0
"701","Summary of July 11",0,0,0
"702","Summary of July 2",0,0,0
"703","Summary of July 22",0,0,0
"704","Summary of July 26",0,0,0
"705","Summary of July 29",0,0,0
"706","Summary of July 3",0,0,0
"707","Summary of June 10",0,0,0
"708","Summary of June 11",0,0,0
"709","Summary of June 12",0,0,0
"710","Summary of June 13",0,0,0
"711","Summary of June 15",0,0,0
"712","Summary of June 16",0,0,0
"713","Summary of June 18",0,0,0
"714","Summary of June 23",0,0,0
"715","Summary of June 24",0,0,0
"716","Summary of June 3",0,0,0
"717","Summary of June 30",0,0,0
"718","Summary of June 4",0,0,0
"719","Summary of June 6",0,0,0
"720","Summary of March 14",0,0,0
"721","Summary of March 23",0,0,0
"722","Summary of March 24",0,0,0
"723","SUMMARY OF MARCH 24-25",0,0,0
"724","SUMMARY OF MARCH 27",0,0,0
"725","SUMMARY OF MARCH 29",0,0,0
"726","Summary of May 10",0,0,0
"727","Summary of May 13",0,0,0
"728","Summary of May 14",0,0,0
"729","Summary of May 22",0,0,0
"730","Summary of May 22 am",0,0,0
"731","Summary of May 22 pm",0,0,0
"732","Summary of May 26 am",0,0,0
"733","Summary of May 26 pm",0,0,0
"734","Summary of May 31 am",0,0,0
"735","Summary of May 31 pm",0,0,0
"736","Summary of May 9-10",0,0,0
"737","Summary Sept. 25-26",0,0,0
"738","Summary September 20",0,0,0
"739","Summary September 23",0,0,0
"740","Summary September 3",0,0,0
"741","Summary September 4",0,0,0
"742","Summary: Nov. 16",0,0,0
"743","Summary: Nov. 6-7",0,0,0
"744","Summary: Oct. 20-21",0,0,0
"745","Summary: October 31",0,0,0
"746","Summary: Sept. 18",0,0,0
"747","Temperature record",0,0,0
"748","THUDERSTORM WINDS",0,0,0
"749","THUNDEERSTORM WINDS",0,0,0
"750","THUNDERESTORM WINDS",0,0,0
"752","Thundersnow shower",0,0,0
"755","THUNDERSTORM DAMAGE",0,0,0
"756","THUNDERSTORM DAMAGE TO",0,0,0
"757","THUNDERSTORM HAIL",0,0,0
"758","THUNDERSTORM W INDS",0,0,0
"759","Thunderstorm Wind",0,0,0
"762","THUNDERSTORM WIND 50",0,0,0
"763","THUNDERSTORM WIND 52",0,0,0
"764","THUNDERSTORM WIND 56",0,0,0
"765","THUNDERSTORM WIND 59",0,0,0
"766","THUNDERSTORM WIND 59 MPH",0,0,0
"767","THUNDERSTORM WIND 59 MPH.",0,0,0
"768","THUNDERSTORM WIND 60 MPH",0,0,0
"769","THUNDERSTORM WIND 65 MPH",0,0,0
"770","THUNDERSTORM WIND 65MPH",0,0,0
"771","THUNDERSTORM WIND 69",0,0,0
"772","THUNDERSTORM WIND 98 MPH",0,0,0
"773","THUNDERSTORM WIND G50",0,0,0
"774","THUNDERSTORM WIND G51",0,0,0
"776","THUNDERSTORM WIND G55",0,0,0
"777","THUNDERSTORM WIND G60",0,0,0
"778","THUNDERSTORM WIND G61",0,0,0
"779","THUNDERSTORM WIND TREES",0,0,0
"780","THUNDERSTORM WIND.",0,0,0
"781","THUNDERSTORM WIND/ TREE",0,0,0
"782","THUNDERSTORM WIND/ TREES",0,0,0
"783","THUNDERSTORM WIND/AWNING",0,0,0
"784","THUNDERSTORM WIND/HAIL",0,0,0
"785","THUNDERSTORM WIND/LIGHTNING",0,0,0
"787","THUNDERSTORM WINDS      LE CEN",0,0,0
"789","THUNDERSTORM WINDS 2",0,0,0
"790","THUNDERSTORM WINDS 50",0,0,0
"791","THUNDERSTORM WINDS 52",0,0,0
"792","THUNDERSTORM WINDS 53",0,0,0
"793","THUNDERSTORM WINDS 60",0,0,0
"794","THUNDERSTORM WINDS 61",0,0,0
"795","THUNDERSTORM WINDS 62",0,0,0
"796","THUNDERSTORM WINDS 63 MPH",0,0,0
"797","THUNDERSTORM WINDS AND",0,0,0
"798","THUNDERSTORM WINDS FUNNEL CLOU",0,0,0
"799","THUNDERSTORM WINDS G",0,0,0
"800","THUNDERSTORM WINDS G60",0,0,0
"801","THUNDERSTORM WINDS HAIL",0,0,0
"802","THUNDERSTORM WINDS HEAVY RAIN",0,0,0
"803","THUNDERSTORM WINDS LIGHTNING",0,0,0
"804","THUNDERSTORM WINDS SMALL STREA",0,0,0
"805","THUNDERSTORM WINDS URBAN FLOOD",0,0,0
"806","THUNDERSTORM WINDS.",0,0,0
"807","THUNDERSTORM WINDS/ FLOOD",0,0,0
"808","THUNDERSTORM WINDS/ HAIL",0,0,0
"809","THUNDERSTORM WINDS/FLASH FLOOD",0,0,0
"810","THUNDERSTORM WINDS/FLOODING",0,0,0
"811","THUNDERSTORM WINDS/FUNNEL CLOU",0,0,0
"813","THUNDERSTORM WINDS/HEAVY RAIN",0,0,0
"814","THUNDERSTORM WINDS53",0,0,0
"815","THUNDERSTORM WINDSHAIL",0,0,0
"817","THUNDERSTORM WINS",0,0,0
"818","THUNDERSTORMS",0,0,0
"819","THUNDERSTORMS WIND",0,0,0
"822","THUNDERSTORMW 50",0,0,0
"823","THUNDERSTORMW WINDS",0,0,0
"824","THUNDERSTORMWINDS",0,0,0
"825","THUNDERSTROM WIND",0,0,0
"826","THUNDERSTROM WINDS",0,0,0
"828","THUNDERTSORM WIND",0,0,0
"829","THUNDESTORM WINDS",0,0,0
"830","THUNERSTORM WINDS",0,0,0
"831","TIDAL FLOOD",0,0,0
"832","Tidal Flooding",0,0,0
"835","TORNADO DEBRIS",0,0,0
"836","TORNADO F0",0,0,0
"837","TORNADO F1",0,0,0
"840","TORNADO/WATERSPOUT",0,0,0
"841","TORNADOES",0,0,0
"843","TORNADOS",0,0,0
"844","TORNDAO",0,0,0
"845","TORRENTIAL RAIN",0,0,0
"847","TROPICAL DEPRESSION",0,0,0
"849","TROPICAL STORM ALBERTO",0,0,0
"850","TROPICAL STORM DEAN",0,0,0
"852","TROPICAL STORM JERRY",0,0,0
"853","TSTM",0,0,0
"854","TSTM HEAVY RAIN",0,0,0
"855","Tstm Wind",0,0,0
"857","TSTM WIND  (G45)",0,0,0
"858","TSTM WIND (41)",0,0,0
"862","TSTM WIND 40",0,0,0
"863","TSTM WIND 45",0,0,0
"864","TSTM WIND 50",0,0,0
"865","TSTM WIND 51",0,0,0
"866","TSTM WIND 52",0,0,0
"867","TSTM WIND 55",0,0,0
"868","TSTM WIND 65)",0,0,0
"869","TSTM WIND AND LIGHTNING",0,0,0
"870","TSTM WIND DAMAGE",0,0,0
"871","TSTM WIND G45",0,0,0
"872","TSTM WIND G58",0,0,0
"874","TSTM WINDS",0,0,0
"875","TSTM WND",0,0,0
"876","TSTMW",0,0,0
"878","TUNDERSTORM WIND",0,0,0
"880","Unseasonable Cold",0,0,0
"882","UNSEASONABLY COOL",0,0,0
"883","UNSEASONABLY COOL & WET",0,0,0
"884","UNSEASONABLY DRY",0,0,0
"885","UNSEASONABLY HOT",0,0,0
"887","UNSEASONABLY WARM & WET",0,0,0
"889","UNSEASONABLY WARM YEAR",0,0,0
"890","UNSEASONABLY WARM/WET",0,0,0
"891","UNSEASONABLY WET",0,0,0
"892","UNSEASONAL LOW TEMP",0,0,0
"893","UNSEASONAL RAIN",0,0,0
"894","UNUSUAL WARMTH",0,0,0
"895","UNUSUAL/RECORD WARMTH",0,0,0
"896","UNUSUALLY COLD",0,0,0
"897","UNUSUALLY LATE SNOW",0,0,0
"898","UNUSUALLY WARM",0,0,0
"899","URBAN AND SMALL",0,0,0
"900","URBAN AND SMALL STREAM",0,0,0
"901","URBAN AND SMALL STREAM FLOOD",0,0,0
"903","Urban flood",0,0,0
"904","Urban Flood",0,0,0
"905","URBAN FLOOD",0,0,0
"906","URBAN FLOOD LANDSLIDE",0,0,0
"907","Urban Flooding",0,0,0
"908","URBAN FLOODING",0,0,0
"909","URBAN FLOODS",0,0,0
"910","URBAN SMALL",0,0,0
"911","URBAN SMALL STREAM FLOOD",0,0,0
"912","URBAN/SMALL",0,0,0
"913","URBAN/SMALL FLOODING",0,0,0
"914","URBAN/SMALL STREAM",0,0,0
"915","URBAN/SMALL STREAM  FLOOD",0,0,0
"916","URBAN/SMALL STREAM FLOOD",0,0,0
"917","URBAN/SMALL STREAM FLOODING",0,0,0
"918","URBAN/SMALL STRM FLDG",0,0,0
"920","URBAN/SML STREAM FLDG",0,0,0
"921","URBAN/STREET FLOODING",0,0,0
"922","VERY DRY",0,0,0
"923","VERY WARM",0,0,0
"924","VOG",0,0,0
"925","Volcanic Ash",0,0,0
"926","VOLCANIC ASH",0,0,0
"927","Volcanic Ash Plume",0,0,0
"928","VOLCANIC ASHFALL",0,0,0
"929","VOLCANIC ERUPTION",0,0,0
"930","WAKE LOW WIND",0,0,0
"931","WALL CLOUD",0,0,0
"932","WALL CLOUD/FUNNEL CLOUD",0,0,0
"933","WARM DRY CONDITIONS",0,0,0
"935","WATER SPOUT",0,0,0
"937","WATERSPOUT-",0,0,0
"938","WATERSPOUT-TORNADO",0,0,0
"939","WATERSPOUT FUNNEL CLOUD",0,0,0
"941","WATERSPOUT/",0,0,0
"942","WATERSPOUT/ TORNADO",0,0,0
"944","WATERSPOUTS",0,0,0
"945","WAYTERSPOUT",0,0,0
"946","wet micoburst",0,0,0
"947","WET MICROBURST",0,0,0
"948","Wet Month",0,0,0
"949","WET SNOW",0,0,0
"950","WET WEATHER",0,0,0
"951","Wet Year",0,0,0
"953","WHIRLWIND",0,0,0
"956","WILD/FOREST FIRES",0,0,0
"958","WILDFIRES",0,0,0
"959","Wind",0,0,0
"961","WIND ADVISORY",0,0,0
"962","WIND AND WAVE",0,0,0
"963","WIND CHILL",0,0,0
"964","WIND CHILL/HIGH WIND",0,0,0
"965","Wind Damage",0,0,0
"966","WIND DAMAGE",0,0,0
"967","WIND GUSTS",0,0,0
"969","WIND/HAIL",0,0,0
"971","WINTER MIX",0,0,0
"974","WINTER STORM/HIGH WIND",0,0,0
"975","WINTER STORM/HIGH WINDS",0,0,0
"977","Winter Weather",0,0,0
"981","WINTERY MIX",0,0,0
"982","Wintry mix",0,0,0
"983","Wintry Mix",0,0,0
"985","WND",0,0,0
